SKEWB ok: 8 moves, each ^3=id, scramble+inverse solves. movers/move=15,15,15,15,15,15,15,15
MEGA ok: 12 moves, each ^5=id, scramble+inverse solves. movers/move=25,25,25,25,25,25,25,25,25,25,25,25

/* paste into js/puzzles.js */
SKEWB_PERM = [[20,21,22,3,24,5,26,7,8,9,0,1,2,13,4,15,6,17,18,19,10,11,12,23,14,25,16,27,28,29],[10,13,2,11,12,5,6,19,8,9,25,29,26,27,14,15,16,17,18,21,20,7,22,23,24,0,4,1,28,3],[15,19,16,17,4,5,6,7,8,11,10,27,12,13,14,20,24,21,18,23,0,3,22,1,2,25,26,9,28,29],[25,1,26,27,28,5,6,7,24,9,10,11,8,13,14,0,4,17,2,3,20,21,22,23,12,15,18,19,16,29],[0,17,2,3,4,10,14,11,8,13,20,23,12,21,22,15,16,29,18,19,5,9,6,7,24,25,26,27,28,1],[0,1,2,3,22,25,28,29,26,9,5,11,6,7,8,15,16,17,4,19,20,21,18,23,24,10,14,27,12,13],[0,1,28,3,4,20,24,7,22,23,10,11,12,13,2,5,8,9,6,19,15,21,16,17,18,25,26,27,14,29],[0,1,2,13,4,15,6,17,18,19,10,11,12,23,14,25,16,27,28,29,20,21,22,3,24,5,26,7,8,9]] ;

MEGA_VERTS = [[1,1,1],[1,1,-1],[1,-1,1],[1,-1,-1],[-1,1,1],[-1,1,-1],[-1,-1,1],[-1,-1,-1],[0,0.618034,1.618034],[0,0.618034,-1.618034],[0,-0.618034,1.618034],[0,-0.618034,-1.618034],[0.618034,1.618034,0],[0.618034,-1.618034,0],[-0.618034,1.618034,0],[-0.618034,-1.618034,0],[1.618034,0,0.618034],[-1.618034,0,0.618034],[1.618034,0,-0.618034],[-1.618034,0,-0.618034]] ;

MEGA_FACES = [[4,8,0,12,14],[14,12,1,9,5],[15,13,2,10,6],[7,11,3,13,15],[1,12,0,16,18],[18,16,2,13,3],[19,17,4,14,5],[7,15,6,17,19],[2,16,0,8,10],[10,8,4,17,6],[11,9,1,18,3],[7,19,5,9,11]] ;

MEGA_PERM = [[0,5,1,2,3,4,10,6,7,8,9,11,46,47,14,15,16,51,18,19,20,21,22,23,24,25,26,27,28,29,30,31,32,33,34,35,36,37,38,39,40,41,42,43,44,45,91,92,48,49,50,96,52,53,54,55,56,57,58,59,60,61,62,63,64,65,66,67,68,12,13,71,72,73,17,75,76,77,78,79,80,81,82,83,84,85,86,87,88,89,90,101,102,93,94,95,106,97,98,99,100,69,70,103,104,105,74,107,108,109,110,111,112,113,114,115,116,117,118,119,120,121,122,123,124,125,126,127,128,129,130,131],[0,1,2,3,70,71,6,7,8,75,10,11,16,12,13,14,15,21,17,18,19,20,22,23,24,25,26,27,28,29,30,31,32,33,34,35,36,37,38,39,40,41,42,43,44,4,5,47,48,49,9,51,52,53,54,55,56,57,58,59,60,61,62,63,64,65,66,67,68,69,124,125,72,73,74,129,76,77,78,79,80,81,82,83,84,85,86,87,88,89,90,91,92,93,94,95,96,97,98,99,100,101,102,103,104,105,106,107,108,109,110,111,45,46,114,115,116,50,118,119,120,121,122,123,112,113,126,127,128,117,130,131],[0,1,2,3,4,5,6,7,8,9,10,11,12,13,14,15,16,17,18,19,20,21,22,27,23,24,25,26,32,28,29,30,31,33,34,35,36,79,80,39,40,41,84,43,44,45,46,47,48,49,50,51,52,53,54,55,56,57,37,38,60,61,62,42,64,65,66,67,68,69,70,71,72,73,74,75,76,77,78,104,100,81,82,83,109,85,86,87,88,59,90,91,92,58,94,95,96,97,63,99,89,101,102,103,93,105,106,107,108,98,110,111,112,113,114,115,116,117,118,119,120,121,122,123,124,125,126,127,128,129,130,131],[0,1,2,3,4,5,6,7,8,9,10,11,12,13,14,15,16,17,18,19,20,21,22,59,60,25,26,27,64,29,30,31,32,33,38,34,35,36,37,43,39,40,41,42,44,45,46,47,48,49,50,51,52,53,54,55,56,57,58,115,111,61,62,63,120,65,66,67,68,69,70,71,72,73,74,75,76,77,23,24,80,81,82,28,84,85,86,87,88,89,90,91,92,93,94,95,96,97,98,99,100,101,102,103,104,105,106,107,108,109,110,122,112,113,114,126,116,117,118,119,131,121,79,123,124,125,78,127,128,129,130,83],[0,1,2,13,14,5,6,7,18,9,10,11,12,113,114,15,16,17,118,19,20,21,22,23,24,25,26,27,28,29,30,31,32,33,34,35,36,37,38,39,40,41,42,43,44,49,45,46,47,48,54,50,51,52,53,55,90,91,58,59,60,95,62,63,64,65,66,67,68,69,70,71,72,73,74,75,76,77,78,79,80,81,82,83,84,85,86,87,88,89,3,4,92,93,94,8,96,97,98,99,100,101,102,103,104,105,106,107,108,109,110,111,112,56,57,115,116,117,61,119,120,121,122,123,124,125,126,127,128,129,130,131],[0,1,2,3,4,5,6,7,8,9,10,11,12,13,14,15,16,17,18,19,20,21,22,23,89,90,26,27,28,94,30,31,32,33,34,35,24,25,38,39,40,29,42,43,44,45,46,47,114,115,50,51,52,119,54,55,60,56,57,58,59,65,61,62,63,64,66,67,68,69,70,71,72,73,74,75,76,77,78,79,80,81,82,83,84,85,86,87,88,48,49,91,92,93,53,95,96,97,98,99,100,101,102,103,104,105,106,107,108,109,110,111,112,113,36,37,116,117,118,41,120,121,122,123,124,125,126,127,128,129,130,131],[0,103,2,3,4,102,6,7,8,9,107,11,1,13,14,15,5,17,18,19,20,10,22,23,24,25,26,27,28,29,30,31,32,33,34,35,36,37,38,39,40,41,42,43,44,45,46,47,48,49,50,51,52,53,54,55,56,57,58,59,60,61,62,63,64,65,66,71,67,68,69,70,76,72,73,74,75,77,78,79,80,123,124,83,84,85,128,87,88,89,90,91,92,93,94,95,96,97,98,99,100,101,81,82,104,105,106,86,108,109,110,111,112,113,114,115,116,117,118,119,120,121,122,16,12,125,126,127,21,129,130,131],[0,1,2,3,4,5,6,7,8,9,10,11,12,13,14,15,16,17,18,19,20,21,22,34,24,25,26,38,28,29,30,31,43,33,123,35,36,37,122,39,40,41,42,127,44,45,46,47,48,49,50,51,52,53,54,55,56,57,58,59,60,61,62,63,64,65,66,103,104,69,70,71,108,73,74,75,76,77,82,78,79,80,81,87,83,84,85,86,88,89,90,91,92,93,94,95,96,97,98,99,100,101,102,27,23,105,106,107,32,109,110,111,112,113,114,115,116,117,118,119,120,121,67,68,124,125,126,72,128,129,130,131],[0,1,47,48,4,5,6,52,8,9,10,11,12,13,14,15,16,17,18,19,20,21,22,23,24,100,101,27,28,29,105,31,32,33,34,35,36,37,38,39,40,41,42,43,44,45,46,57,58,49,50,51,62,53,54,55,56,25,26,59,60,61,30,63,64,65,66,67,68,69,70,71,72,73,74,75,76,77,78,79,80,81,82,83,84,85,86,87,88,93,89,90,91,92,98,94,95,96,97,99,2,3,102,103,104,7,106,107,108,109,110,111,112,113,114,115,116,117,118,119,120,121,122,123,124,125,126,127,128,129,130,131],[0,92,93,3,4,5,97,7,8,9,10,11,12,13,14,15,16,17,18,19,20,21,22,23,24,25,80,81,28,29,30,85,32,33,34,35,36,37,38,39,40,41,42,43,44,45,46,47,48,49,50,51,52,53,54,55,56,57,58,59,60,61,62,63,64,65,66,67,1,2,70,71,72,6,74,75,76,77,78,79,68,69,82,83,84,73,86,87,88,89,90,91,26,27,94,95,96,31,98,99,104,100,101,102,103,109,105,106,107,108,110,111,112,113,114,115,116,117,118,119,120,121,122,123,124,125,126,127,128,129,130,131],[0,1,2,3,4,5,6,7,8,9,10,11,12,13,125,126,16,17,18,130,20,21,22,23,24,25,26,27,28,29,30,31,32,33,34,60,56,37,38,39,65,41,42,43,44,15,46,47,48,14,50,51,52,53,19,55,45,57,58,59,49,61,62,63,64,54,66,67,68,69,70,71,72,73,74,75,76,77,78,79,80,81,82,83,84,85,86,87,88,89,90,91,92,93,94,95,96,97,98,99,100,101,102,103,104,105,106,107,108,109,110,115,111,112,113,114,120,116,117,118,119,121,122,123,124,35,36,127,128,129,40,131],[0,1,2,3,4,5,6,7,8,9,10,11,12,13,14,71,67,17,18,19,76,21,22,23,24,25,26,27,28,29,30,31,32,33,111,112,36,37,38,116,40,41,42,43,44,45,46,47,48,49,50,51,52,53,54,55,56,57,58,59,60,61,62,63,64,65,66,78,68,69,70,82,72,73,74,75,87,77,35,79,80,81,34,83,84,85,86,39,88,89,90,91,92,93,94,95,96,97,98,99,100,101,102,103,104,105,106,107,108,109,110,15,16,113,114,115,20,117,118,119,120,121,126,122,123,124,125,131,127,128,129,130]] ;
